2
21
25
29
41
43
44
46
49
57
60
65
81
82
83
95
96
99
103
106
138
161
169
173
177
179
180
196
205
207
221
225
248
252
268
284
288
291
300
308
322
325
326
333
346
353
356
367
369
380
381
399
405
414
419
422
436
443
448
465
468
469
477
479
488
509
511
520
531
534
540
547
548
551
569
607
620
621
623
639
640
642
644
646
651
675
686
688
706
711
715
728
731
752
753
755
769
778
797
799
814
817
834
848
850
853
860
863
866
868
882
907
914
917
918
924
930
938
943
948
985
990
993
995
1006
1023
1025
1027
1040
1046
1047
1051
1056
1061
1068
1069
1079
1082
1093
1104
1106
1130
1132
1146
1173
1174
1180
1194
1202
1203
1204
1219
1227
1242
1247
1254
1255
1261
1272
1290
1302
1305
1306
1316
1336
1345
1357
1358
1366
1379
1383
1387
1396
1399
1402
1403
1404
1409
1416
1418
1427
1447
1448
1474
1503
1505
1525
1530
1539
1540
1545
1547
1550
1564
1568
1570
1594
1602
1609
1613
1615
1629
1631
1639
1642
1647
1678
1683
1684
1689
1695
1702
1704
1705
1737
1753
1765
1774
1777
1805
1806
1808
1810
1815
1817
1844
1864
1871
1873
1875
1878
1881
1895
1901
1909
1937
1979
2002
2036
2043
2059
2082
2100
2124
2133
2140
2155
2160
2164
2165
2166
2167
2188
2217
2233
2234
2237
2238
2251
2260
2262
2268
2286
2290
2292
2297
2309
2310
2312
2320
2335
2340
2345
2356
2364
2367
2374
2397
2415
2429
2431
2435
2444
2462
2465
2472
2490
2499
2504
2517
2524
2530
2533
2540
2544
2565
2568
2570
2590
2592
2605
2619
2623
2634
2638
2639
2641
2644
2667
2669
2670
2675
2680
2685
2686
2697
2735
2744
2746
2772
2789
2811
2812
2815
2822
2823
2831
2836
2847
2853
2863
2864
2884
2886
2889
2894
2902
2903
2913
2915
2917
2919
2925
2926
2935
2936
2947
2967
2969
2986
2987
2990
3004
3010
3025
3027
3035
3038
3062
3072
3075
3078
3080
3082
3093
3095
3098
3102
3111
3118
3136
3147
3151
3152
3163
3169
3174
3177
3184
3196
3224
3238
3244
3246
3249
3250
3258
3261
3287
3291
3294
3303
3308
3315
3320