9
10
12
23
27
28
40
58
61
63
64
67
68
69
75
77
93
100
101
105
111
117
125
126
127
132
135
139
140
141
142
148
152
153
154
155
157
159
164
165
171
176
186
188
191
194
195
197
199
204
210
214
219
222
230
233
234
241
243
246
249
250
253
259
261
262
263
264
271
277
289
295
302
305
306
309
313
316
317
318
327
328
341
344
362
364
366
368
373
374
375
377
379
383
387
393
398
412
418
423
424
425
426
429
430
432
444
446
447
453
454
459
460
461
463
467
470
475
476
489
496
499
517
518
519
521
522
524
528
529
532
536
537
539
542
545
549
552
554
555
557
567
578
587
589
596
597
600
601
604
605
606
608
609
616
631
632
637
641
649
653
654
656
660
669
670
673
678
679
680
683
685
687
689
694
698
699
705
707
709
714
722
726
739
742
749
750
751
759
761
762
764
770
791
793
796
800
805
821
826
832
835
838
841
849
852
855
864
865
874
876
880
881
887
890
891
893
895
906
909
910
919
920
921
927
928
931
937
945
946
949
955
956
961
962
964
969
974
975
977
978
979
988
1001
1003
1007
1009
1010
1014
1016
1028
1030
1033
1036
1042
1049
1059
1060
1063
1064
1065
1066
1074
1075
1090
1091
1092
1110
1111
1112
1116
1119
1120
1122
1135
1136
1138
1140
1143
1153
1155
1156
1159
1165
1166
1171
1177
1182
1185
1186
1196
1197
1198
1206
1208
1209
1212
1218
1220
1223
1226
1228
1231
1232
1237
1239
1241
1250
1251
1252
1258
1260
1262
1265
1267
1279
1280
1282
1284
1286
1292
1293
1309
1310
1311
1313
1315
1320
1322
1330
1335
1337
1338
1341
1342
1346
1348
1349
1350
1352
1355
1356
1361
1362
1367
1369
1372
1376
1395
1406
1408
1411
1413
1415
1417
1424
1429
1431
1435
1437
1439
1443
1444
1445
1458
1460
1471
1476
1477
1478
1481
1483
1487
1489
1490
1495
1498
1499
1501
1502
1508
1512
1513
1516
1518
1521
1526
1528
1534
1542
1548
1552
1553
1556
1560
1563
1569
1571
1574
1576
1577
1581
1593
1596
1599
1600
1607
1611
1617
1623
1624
1626
1633
1634
1638
1644
1650
1651
1653
1660
1661
1664
1671
1672
1673
1681
1685
1686
1687
1697
1700
1703
1707
1712
1718
1720
1721
1722
1731
1732
1743
1744
1749
1754
1755
1757
1764
1768
1769
1770
1771
1772
1775
1776
1785
1786
1788
1791
1794
1800
1803
1812
1813
1820
1821
1822
1827
1830
1833
1836
1837
1841
1847
1848
1852
1853
1854
1856
1863
1867
1869
1874
1884
1886
1888
1889
1893
1903
1934
1939
1940
1943
1944
1945
1953
1956
1962
1963
1964
1966
1978
1981
1982
1983
1984
1988
1992
1998
2000
2006
2010
2014
2019
2025
2034
2037
2040
2048
2049
2052
2055
2058
2061
2062
2066
2067
2073
2076
2083
2087
2094
2095
2096
2101
2104
2108
2110
2111
2112
2114
2119
2138
2139
2157
2159
2161
2163
2169
2171
2176
2182
2183
2189
2193
2200
2216
2220
2223
2230
2232
2235
2250
2253
2259
2264
2265
2266
2271
2273
2279
2303
2305
2311
2326
2334
2337
2338
2339
2342
2350
2351
2359
2362
2366
2368
2370
2377
2388
2393
2394
2401
2402
2408
2410
2417
2421
2424
2425
2430
2434
2436
2445
2447
2453
2454
2458
2463
2473
2480
2493
2496
2498
2501
2506
2528
2529
2531
2535
2536
2537
2543
2553
2558
2563
2564
2574
2575
2579
2580
2581
2583
2591
2595
2606
2607
2610
2612
2615
2620
2625
2628
2630
2632
2645
2647
2650
2651
2655
2657
2659
2666
2668
2674
2678
2679
2681
2682
2687
2699
2701
2702
2703
2706
2709
2718
2721
2724
2726
2736
2742
2747
2748
2750
2752
2776
2781
2783
2784
2790
2794
2797
2798
2799
2800
2804
2808
2817
2824
2826
2830
2835
2840
2845
2849
2857
2859
2860
2865
2868
2875
2876
2882
2883
2885
2888
2899
2901
2909
2910
2911
2914
2918
2930
2934
2940
2941
2946
2948
2950
2953
2957
2961
2966
2972
2973
2978
2983
2984
2985
2988
2989
2993
3000
3001
3009
3012
3013
3015
3017
3018
3022
3024
3026
3030
3033
3034
3037
3042
3048
3060
3064
3066
3068
3084
3094
3100
3104
3110
3113
3123
3126
3130
3133
3142
3143
3150
3154
3155
3161
3162
3164
3166
3167
3170
3172
3175
3179
3180
3181
3187
3189
3191
3194
3198
3201
3204
3207
3215
3216
3217
3223
3227
3237
3240
3241
3243
3248
3263
3283
3293
3311
3316
3322
3323