1
3
4
5
6
7
8
11
13
14
15
16
17
18
19
20
22
24
26
30
31
32
33
34
35
36
37
38
39
42
45
47
48
50
51
52
53
54
55
56
59
62
66
70
71
72
73
74
76
78
79
80
84
85
86
87
88
89
90
91
92
94
97
98
102
104
107
108
109
110
112
113
114
115
116
118
119
120
121
122
123
124
128
129
130
131
133
134
136
137
143
144
145
146
147
149
150
151
156
158
160
162
163
166
167
168
170
172
174
175
178
181
182
183
184
185
187
189
190
192
193
198
200
201
202
203
206
208
209
211
212
213
215
216
217
218
220
223
224
226
227
228
229
231
232
235
236
237
238
239
240
242
244
245
247
251
254
255
256
257
258
260
265
266
267
269
270
272
273
274
275
276
278
279
280
281
282
283
285
286
287
290
292
293
294
296
297
298
299
301
303
304
307
310
311
312
314
315
319
320
321
323
324
329
330
331
332
334
335
336
337
338
339
340
342
343
345
347
348
349
350
351
352
354
355
357
358
359
360
361
363
365
370
371
372
376
378
382
384
385
386
388
389
390
391
392
394
395
396
397
400
401
402
403
404
406
407
408
409
410
411
413
415
416
417
420
421
427
428
431
433
434
435
437
438
439
440
441
442
445
449
450
451
452
455
456
457
458
462
464
466
471
472
473
474
478
480
481
482
483
484
485
486
487
490
491
492
493
494
495
497
498
500
501
502
503
504
505
506
507
508
510
512
513
514
515
516
523
525
526
527
530
533
535
538
541
543
544
546
550
553
556
558
559
560
561
562
563
564
565
566
568
570
571
572
573
574
575
576
577
579
580
581
582
583
584
585
586
588
590
591
592
593
594
595
598
599
602
603
610
611
612
613
614
615
617
618
619
622
624
625
626
627
628
629
630
633
634
635
636
638
643
645
647
648
650
652
655
657
658
659
661
662
663
664
665
666
667
668
671
672
674
676
677
681
682
684
690
691
692
693
695
696
697
700
701
702
703
704
708
710
712
713
716
717
718
719
720
721
723
724
725
727
729
730
732
733
734
735
736
737
738
740
741
743
744
745
746
747
748
754
756
757
758
760
763
765
766
767
768
771
772
773
774
775
776
777
779
780
781
782
783
784
785
786
787
788
789
790
792
794
795
798
801
802
803
804
806
807
808
809
810
811
812
813
815
816
818
819
820
822
823
824
825
827
828
829
830
831
833
836
837
839
840
842
843
844
845
846
847
851
854
856
857
858
859
861
862
867
869
870
871
872
873
875
877
878
879
883
884
885
886
888
889
892
894
896
897
898
899
900
901
902
903
904
905
908
911
912
913
915
916
922
923
925
926
929
932
933
934
935
936
939
940
941
942
944
947
950
951
952
953
954
957
958
959
960
963
965
966
967
968
970
971
972
973
976
980
981
982
983
984
986
987
989
991
992
994
996
997
998
999
1000
1002
1004
1005
1008
1011
1012
1013
1015
1017
1018
1019
1020
1021
1022
1024
1026
1029
1031
1032
1034
1035
1037
1038
1039
1041
1043
1044
1045
1048
1050
1052
1053
1054
1055
1057
1058
1062
1067
1070
1071
1072
1073
1076
1077
1078
1080
1081
1083
1084
1085
1086
1087
1088
1089
1094
1095
1096
1097
1098
1099
1100
1101
1102
1103
1105
1107
1108
1109
1113
1114
1115
1117
1118
1121
1123
1124
1125
1126
1127
1128
1129
1131
1133
1134
1137
1139
1141
1142
1144
1145
1147
1148
1149
1150
1151
1152
1154
1157
1158
1160
1161
1162
1163
1164
1167
1168
1169
1170
1172
1175
1176
1178
1179
1181
1183
1184
1187
1188
1189
1190
1191
1192
1193
1195
1199
1200
1201
1205
1207
1210
1211
1213
1214
1215
1216
1217
1221
1222
1224
1225
1229
1230
1233
1234
1235
1236
1238
1240
1243
1244
1245
1246
1248
1249
1253
1256
1257
1259
1263
1264
1266
1268
1269
1270
1271
1273
1274
1275
1276
1277
1278
1281
1283
1285
1287
1288
1289
1291
1294
1295
1296
1297
1298
1299
1300
1301
1303
1304
1307
1308
1312
1314
1317
1318
1319
1321
1323
1324
1325
1326
1327
1328
1329
1331
1332
1333
1334
1339
1340
1343
1344
1347
1351
1353
1354
1359
1360
1363
1364
1365
1368
1370
1371
1373
1374
1375
1377
1378
1380
1381
1382
1384
1385
1386
1388
1389
1390
1391
1392
1393
1394
1397
1398
1400
1401
1405
1407
1410
1412
1414
1419
1420
1421
1422
1423
1425
1426
1428
1430
1432
1433
1434
1436
1438
1440
1441
1442
1446
1449
1450
1451
1452
1453
1454
1455
1456
1457
1459
1461
1462
1463
1464
1465
1466
1467
1468
1469
1470
1472
1473
1475
1479
1480
1482
1484
1485
1486
1488
1491
1492
1493
1494
1496
1497
1500
1504
1506
1507
1509
1510
1511
1514
1515
1517
1519
1520
1522
1523
1524
1527
1529
1531
1532
1533
1535
1536
1537
1538
1541
1543
1544
1546
1549
1551
1554
1555
1557
1558
1559
1561
1562
1565
1566
1567
1572
1573
1575
1578
1579
1580
1582
1583
1584
1585
1586
1587
1588
1589
1590
1591
1592
1595
1597
1598
1601
1603
1604
1605
1606
1608
1610
1612
1614
1616
1618
1619
1620
1621
1622
1625
1627
1628
1630
1632
1635
1636
1637
1640
1641
1643
1645
1646
1648
1649
1652
1654
1655
1656
1657
1658
1659
1662
1663
1665
1666
1667
1668
1669
1670
1674
1675
1676
1677
1679
1680
1682
1688
1690
1691
1692
1693
1694
1696
1698
1699
1701
1706
1708
1709
1710
1711
1713
1714
1715
1716
1717
1719
1723
1724
1725
1726
1727
1728
1729
1730
1733
1734
1735
1736
1738
1739
1740
1741
1742
1745
1746
1747
1748
1750
1751
1752
1756
1758
1759
1760
1761
1762
1763
1766
1767
1773
1778
1779
1780
1781
1782
1783
1784
1787
1789
1790
1792
1793
1795
1796
1797
1798
1799
1801
1802
1804
1807
1809
1811
1814
1816
1818
1819
1823
1824
1825
1826
1828
1829
1831
1832
1834
1835
1838
1839
1840
1842
1843
1845
1846
1849
1850
1851
1855
1857
1858
1859
1860
1861
1862
1865
1866
1868
1870
1872
1876
1877
1879
1880
1882
1883
1885
1887
1890
1891
1892
1894
1896
1897
1898
1899
1900
1902
1904
1905
1906
1907
1908
1910
1911
1912
1913
1914
1915
1916
1917
1918
1919
1920
1921
1922
1923
1924
1925
1926
1927
1928
1929
1930
1931
1932
1933
1935
1936
1938
1941
1942
1946
1947
1948
1949
1950
1951
1952
1954
1955
1957
1958
1959
1960
1961
1965
1967
1968
1969
1970
1971
1972
1973
1974
1975
1976
1977
1980
1985
1986
1987
1989
1990
1991
1993
1994
1995
1996
1997
1999
2001
2003
2004
2005
2007
2008
2009
2011
2012
2013
2015
2016
2017
2018
2020
2021
2022
2023
2024
2026
2027
2028
2029
2030
2031
2032
2033
2035
2038
2039
2041
2042
2044
2045
2046
2047
2050
2051
2053
2054
2056
2057
2060
2063
2064
2065
2068
2069
2070
2071
2072
2074
2075
2077
2078
2079
2080
2081
2084
2085
2086
2088
2089
2090
2091
2092
2093
2097
2098
2099
2102
2103
2105
2106
2107
2109
2113
2115
2116
2117
2118
2120
2121
2122
2123
2125
2126
2127
2128
2129
2130
2131
2132
2134
2135
2136
2137
2141
2142
2143
2144
2145
2146
2147
2148
2149
2150
2151
2152
2153
2154
2156
2158
2162
2168
2170
2172
2173
2174
2175
2177
2178
2179
2180
2181
2184
2185
2186
2187
2190
2191
2192
2194
2195
2196
2197
2198
2199
2201
2202
2203
2204
2205
2206
2207
2208
2209
2210
2211
2212
2213
2214
2215
2218
2219
2221
2222
2224
2225
2226
2227
2228
2229
2231
2236
2239
2240
2241
2242
2243
2244
2245
2246
2247
2248
2249
2252
2254
2255
2256
2257
2258
2261
2263
2267
2269
2270
2272
2274
2275
2276
2277
2278
2280
2281
2282
2283
2284
2285
2287
2288
2289
2291
2293
2294
2295
2296
2298
2299
2300
2301
2302
2304
2306
2307
2308
2313
2314
2315
2316
2317
2318
2319
2321
2322
2323
2324
2325
2327
2328
2329
2330
2331
2332
2333
2336
2341
2343
2344
2346
2347
2348
2349
2352
2353
2354
2355
2357
2358
2360
2361
2363
2365
2369
2371
2372
2373
2375
2376
2378
2379
2380
2381
2382
2383
2384
2385
2386
2387
2389
2390
2391
2392
2395
2396
2398
2399
2400
2403
2404
2405
2406
2407
2409
2411
2412
2413
2414
2416
2418
2419
2420
2422
2423
2426
2427
2428
2432
2433
2437
2438
2439
2440
2441
2442
2443
2446
2448
2449
2450
2451
2452
2455
2456
2457
2459
2460
2461
2464
2466
2467
2468
2469
2470
2471
2474
2475
2476
2477
2478
2479
2481
2482
2483
2484
2485
2486
2487
2488
2489
2491
2492
2494
2495
2497
2500
2502
2503
2505
2507
2508
2509
2510
2511
2512
2513
2514
2515
2516
2518
2519
2520
2521
2522
2523
2525
2526
2527
2532
2534
2538
2539
2541
2542
2545
2546
2547
2548
2549
2550
2551
2552
2554
2555
2556
2557
2559
2560
2561
2562
2566
2567
2569
2571
2572
2573
2576
2577
2578
2582
2584
2585
2586
2587
2588
2589
2593
2594
2596
2597
2598
2599
2600
2601
2602
2603
2604
2608
2609
2611
2613
2614
2616
2617
2618
2621
2622
2624
2626
2627
2629
2631
2633
2635
2636
2637
2640
2642
2643
2646
2648
2649
2652
2653
2654
2656
2658
2660
2661
2662
2663
2664
2665
2671
2672
2673
2676
2677
2683
2684
2688
2689
2690
2691
2692
2693
2694
2695
2696
2698
2700
2704
2705
2707
2708
2710
2711
2712
2713
2714
2715
2716
2717
2719
2720
2722
2723
2725
2727
2728
2729
2730
2731
2732
2733
2734
2737
2738
2739
2740
2741
2743
2745
2749
2751
2753
2754
2755
2756
2757
2758
2759
2760
2761
2762
2763
2764
2765
2766
2767
2768
2769
2770
2771
2773
2774
2775
2777
2778
2779
2780
2782
2785
2786
2787
2788
2791
2792
2793
2795
2796
2801
2802
2803
2805
2806
2807
2809
2810
2813
2814
2816
2818
2819
2820
2821
2825
2827
2828
2829
2832
2833
2834
2837
2838
2839
2841
2842
2843
2844
2846
2848
2850
2851
2852
2854
2855
2856
2858
2861
2862
2866
2867
2869
2870
2871
2872
2873
2874
2877
2878
2879
2880
2881
2887
2890
2891
2892
2893
2895
2896
2897
2898
2900
2904
2905
2906
2907
2908
2912
2916
2920
2921
2922
2923
2924
2927
2928
2929
2931
2932
2933
2937
2938
2939
2942
2943
2944
2945
2949
2951
2952
2954
2955
2956
2958
2959
2960
2962
2963
2964
2965
2968
2970
2971
2974
2975
2976
2977
2979
2980
2981
2982
2991
2992
2994
2995
2996
2997
2998
2999
3002
3003
3005
3006
3007
3008
3011
3014
3016
3019
3020
3021
3023
3028
3029
3031
3032
3036
3039
3040
3041
3043
3044
3045
3046
3047
3049
3050
3051
3052
3053
3054
3055
3056
3057
3058
3059
3061
3063
3065
3067
3069
3070
3071
3073
3074
3076
3077
3079
3081
3083
3085
3086
3087
3088
3089
3090
3091
3092
3096
3097
3099
3101
3103
3105
3106
3107
3108
3109
3112
3114
3115
3116
3117
3119
3120
3121
3122
3124
3125
3127
3128
3129
3131
3132
3134
3135
3137
3138
3139
3140
3141
3144
3145
3146
3148
3149
3153
3156
3157
3158
3159
3160
3165
3168
3171
3173
3176
3178
3182
3183
3185
3186
3188
3190
3192
3193
3195
3197
3199
3200
3202
3203
3205
3206
3208
3209
3210
3211
3212
3213
3214
3218
3219
3220
3221
3222
3225
3226
3228
3229
3230
3231
3232
3233
3234
3235
3236
3239
3242
3245
3247
3251
3252
3253
3254
3255
3256
3257
3259
3260
3262
3264
3265
3266
3267
3268
3269
3270
3271
3272
3273
3274
3275
3276
3277
3278
3279
3280
3281
3282
3284
3285
3286
3288
3289
3290
3292
3295
3296
3297
3298
3299
3300
3301
3302
3304
3305
3306
3307
3309
3310
3312
3313
3314
3317
3318
3319
3321
3324
3325